#   1 NUMBER                 Running object number                                     
#   2 XMIN_IMAGE             Minimum x-coordinate among detected pixels                 [pixel]
#   3 YMIN_IMAGE             Minimum y-coordinate among detected pixels                 [pixel]
#   4 XMAX_IMAGE             Maximum x-coordinate among detected pixels                 [pixel]
#   5 YMAX_IMAGE             Maximum y-coordinate among detected pixels                 [pixel]
#   6 X_IMAGE                Object position along x                                    [pixel]
#   7 Y_IMAGE                Object position along y                                    [pixel]
#   8 A_IMAGE                Profile RMS along major axis                               [pixel]
#   9 B_IMAGE                Profile RMS along minor axis                               [pixel]
#  10 THETA_IMAGE            Position angle (CCW/x)                                     [deg]
         1         98          6        101         21     99.8825      7.7125     0.947     0.772 -79.87
         2        144          8        145         10    144.3279      9.0169     0.921     0.209 -62.06
         3        178          7        179          8    178.5001      7.4990     0.500     0.500  44.97
         4         95        199         96        200     95.4831    199.4701     0.500     0.499 -26.21
         5        164        187        168        192    165.4788    188.9723     1.185     0.913  52.85
         6        162        195        167        200    163.2616    197.9726     1.455     0.973  20.58
         7         55        195         56        196     55.4700    195.5318     0.499     0.499  36.95
         8         85        191         87        194     86.1355    192.6702     0.889     0.644  66.50
         9        175        189        176        190    175.3901    189.5309     0.507     0.480  57.33
        10        191        185        193        187    192.0558    185.9514     0.752     0.740 -35.72
        11        131        181        134        186    132.3716    183.1000     1.015     0.866  79.06
        12         83        178         86        181     84.4826    179.6600     0.888     0.844 -19.29
        13        154        167        156        170    154.9535    168.4450     0.862     0.724  84.61
        14         15        167         18        170     16.7517    168.7452     0.924     0.798 -49.25
        15        139        164        142        166    140.5809    165.1673     0.846     0.664  25.84
        16         63        156         64        159     63.6368    157.4370     0.822     0.481 -88.51
        17         81        155         83        157     82.1572    156.1786     0.756     0.639 -46.36
        18         17        152         20        154     18.6817    153.1329     0.879     0.696 -16.62
        19         87        152         88        153     87.5598    152.5031     0.500     0.496  82.26
        20         75        150         77        152     76.0004    151.0075     0.708     0.707 -34.12
        21        175        145        176        147    175.5569    145.8409     0.715     0.446  66.94
        22        113        137        115        139    113.8432    138.1653     0.670     0.554 -39.50
        23        159        114        162        118    160.6341    115.2133     0.888     0.874  63.94
        24        103        112        106        115    104.1508    113.6801     0.844     0.814 -81.90
        25        164        105        168        113    166.1914    111.9497     0.940     0.737 -14.78
        26        171        107        172        108    171.6079    107.2630     0.567     0.333  38.91
        27         66        104         68        106     66.9418    105.2324     0.750     0.637  43.70
        28        189        101        190        103    189.7373    102.0219     0.635     0.440  88.44
        29        108         87        110         89    109.1275     87.8771     0.755     0.645  49.03
        30         51         83         53         85     51.9691     83.9628     0.723     0.717 -16.53
        31        164         66        168         71    165.5853     68.4455     1.456     0.928 -71.66
        32         67         63         71         67     69.6312     65.1203     0.893     0.846 -17.16
        33         80         64         82         65     81.0522     64.4946     0.725     0.496  -7.12
        34        140         56        142         58    141.0413     56.7244     0.686     0.635   4.26
        35        116         42        119         43    117.5300     42.4857     0.862     0.436 -19.17
        36        179         25        180         26    179.6004     25.7173     0.580     0.327 -40.33
        37        138         15        140         16    139.1847     15.3958     0.669     0.466  17.91
        38        130         13        133         15    131.6889     13.8948     0.864     0.711   8.85
        39        103         14        104         15    103.3482     14.2729     0.556     0.341 -40.73
        40        189        194        201        200    195.2858    197.5994     1.079     0.949  66.85
        41        163        192        166        195    164.8893    193.3926     0.917     0.818 -76.10
